id:1935572.jpg
MAE:2.905284881591797
MSE:15.385441780090332
PSNR:20.170100102678074
SSIM:0.9112997800111771