id:1935572_L.jpg
MAE:3.026303768157959
MSE:15.49654769897461
PSNR:20.13885029126534
SSIM:0.9347572028636932