id:3001867.jpg
MAE:2.9371285438537598
MSE:14.391751289367676
PSNR:20.460063281494044
SSIM:0.9459992349147797